0,5571.12,8.83227e+07,0.281052,39.7122,3.18553,0.313919,71072.4,0,0.00469971,1.00002,0,0,1.86284e+08,0.287949,0.173983,2.98289,1.02722,1.21525,1.00004,1.00339
0,8644.42,2.53943e+08,0.23912,43.3057,3.57417,0.279785,73156.8,0,0.0112305,1.00002,0,0,3.45602e+08,0.249344,0.137538,3.42241,1.00005,1.00001,1,1
0,7379.88,3.99692e+08,0.205078,42.5587,3.67437,0.272156,81664.7,0,0.0362396,1.00002,0,0,2.19183e+08,0.206406,0.155208,4.2159,1,1,1,1
0,6879.91,1.20645e+08,0.212021,51.9684,4.03026,0.248123,126595,0,0.0278015,1.00002,0,0,2.23065e+08,0.217453,0.151209,2.50199,1.15504,1,1,1
0,7624.29,4.79029e+08,0.186462,39.6731,3.92079,0.255051,119776,0,0.0424957,1.00002,0,0,2.13329e+08,0.219513,0.157218,2.70509,1.27437,1.0034,1,1
0,20351.1,7.6789e+08,0.0158947,45.3254,18.0209,0.0554912,1273.64,0,0,1.00002,0,0,1.27392e+08,0.0554912,0.0180789,1,1,1,1,1
0,18372.3,6.55115e+08,0.0189362,57.8471,21.0659,0.0474701,1640.8,0,0.000976562,1.00002,0,0,1.13771e+08,0.0161896,0.0197415,1,1,1,1,1
0,13983.1,2.88e+08,0.00131226,74.8338,72.737,0.0137482,951.333,0,0.000259399,1.00002,0,0,2.02916e+07,0.00189209,0.000689409,1,1,1,1,1
0,6819.81,6.61369e+07,0.113174,98.1907,6.23796,0.160309,1517.75,0,0,1.00002,0,0,1.46547e+08,0.159042,0.141991,1,1,1,1,1
0,35942.2,7.14658e+08,0.87944,4.71002,1.10785,0.902649,95753.7,0,0.00808716,1.00002,0,0,2.28919e+09,0.891968,0.8197,1,1,1,1,1
0,7242.4,8.19849e+07,0.106934,116.658,6.97711,0.143326,25838.9,0,0.0250854,1.00002,0,0,1.68152e+08,0.108002,0.113531,3.13823,2.98001,1.13192,1.00449,1
0,7688.93,1.37596e+08,0.104874,105.297,6.86241,0.145721,25017.9,0,0.0307617,1.00002,0,0,1.881e+08,0.111542,0.086329,3.13823,2.98001,1.13192,1.00449,1
0,7251.27,7.52141e+07,0.100143,134.203,8.20533,0.121872,23659.6,0,0.0364075,1.00002,0,0,1.59029e+08,0.0942383,0.0847045,3.13823,2.98001,1.13192,1.00449,1
0,7708.31,9.89768e+07,0.103989,127.524,7.52509,0.132889,25082.8,0,0.029007,1.00002,0,0,1.86641e+08,0.0992737,0.0818336,7.50468,14.6711,1.03594,0.96875,0.96875
0,4687.36,1.9064e+07,0.806252,3.51735,1.13851,0.878338,464.11,0,0,1.00002,0,0,1.68891e+08,0.878338,0.876588,1,1,1,1,1
0,4762.25,2.6453e+07,0.849091,4.33069,1.10991,0.90097,770.289,0,6.10352e-05,1.00002,0,0,2.7954e+08,0.900238,0.917528,1,1,1,1,1
0,65445.4,5.1648e+06,0.99942,0.058083,1.0005,0.999496,140225,0,0.000473022,1.00002,0,0,4.28889e+09,0.99942,0.999892,1,1,1,1,1
0,65394.9,8.13521e+06,0.99913,0.0659642,1.00069,0.999313,248109,0,0.000183105,1.00002,0,0,4.28553e+09,0.999176,0.999408,1,1,1,1,1
0,65281.2,1.48138e+07,0.999023,0.0949192,1.00086,0.999146,544293,0,9.15527e-05,1.00002,0,0,4.27805e+09,0.999008,0.99916,1,1,1,1,1
0,64671,4.38345e+07,0.999023,0.083444,1.00079,0.999207,440343,0,1.52588e-05,1.00002,0,0,4.23806e+09,0.999069,0.999099,1,1,1,1,1
0,9941.5,3.35151e+08,0.206149,28.9645,3.01727,0.331426,1034.8,0,0.0144255,1.00002,0,0,2.79157e+08,0.331426,0.376018,1,1,1,1,1
0,14445.2,4.34458e+08,0.712603,1.69615,1.2279,0.814401,3440.71,0,0.00761992,1.00002,0,0,5.77842e+08,0.814401,0.82712,1,1,1,1,1
0,7993.41,7.02315e+07,0.14296,78.061,5.03542,0.198593,21754.1,0,0.0171204,1.00002,0,0,1.66044e+08,0.184189,0.133451,1,1,1,1,1
0,7474.28,8.38118e+07,0.111816,97.8825,6.37014,0.156982,21694.1,0,0.0263519,1.00002,0,0,1.02252e+08,0.143234,0.12313,5.78591,1.00245,1.00016,1.00016,1
0,7838.55,6.00783e+07,0.120712,85.7764,5.84204,0.171173,22942.5,0,0.0213318,1.00002,0,0,1.45196e+08,0.151199,0.114107,2.92455,1.14351,1,1,1
0,26832.7,6.0671e+08,0.713776,3.29772,1.29797,0.770432,3255.11,0,0.0097475,1.00002,0,0,1.12696e+09,0.770432,0.779559,1,1,1,1,1
0,28124.9,6.42076e+08,0.662994,3.92146,1.34364,0.744247,12576.7,0,0.00904846,1.00002,0,0,1.71609e+09,0.710098,0.793086,1,1,1,1,1
0,64465.6,5.35572e+07,0.998062,0.078944,1.00134,0.998657,484014,0,9.15527e-05,1.00002,0,0,4.22438e+09,0.998047,0.997492,1,1,1,1,1
0,65321.4,1.24108e+07,0.998718,0.0731077,1.00095,0.999054,404486,0,0.00012207,1.00002,0,0,4.28059e+09,0.99881,0.998842,1,1,1,1,1
0,61880.4,1.92707e+08,0.991837,0.148926,1.00491,0.995117,1.04132e+06,0,0.00163269,1.00002,0,0,4.05374e+09,0.994507,0.996301,1,1,1,1,1
0,62506.2,1.57547e+08,0.99501,0.104929,1.00297,0.99704,2.00132e+06,0,0.000900269,1.00002,0,0,4.0954e+09,0.99649,0.998363,1,1,1,1,1
0,59798.6,3.05695e+08,0.988251,0.157073,1.00677,0.993271,1.15396e+06,0,0.000335693,1.00002,0,0,3.91677e+09,0.992874,0.99202,1,1,1,1,1
0,63098.6,1.384e+08,0.99707,0.110994,1.00205,0.997955,2.77231e+06,0,0.000473022,1.00002,0,0,4.13443e+09,0.996979,0.99645,1,1,1,1,1
0,60981.7,2.45172e+08,0.998917,0.0632483,1.00079,0.999207,2.24768e+06,0,0.000183105,1.00002,0,0,3.99624e+09,0.998993,0.999154,1,1,1,1,1
0,59871.1,2.95397e+08,0.998215,0.0876544,1.00127,0.998734,3.51736e+06,0,0.000198364,1.00002,0,0,3.92334e+09,0.998489,0.99902,1,1,1,1,1
0,64131.4,7.75276e+07,0.997604,0.09989,1.0017,0.998306,1.0588e+06,0,0.000350952,1.00002,0,0,4.20238e+09,0.997955,0.991611,1,1,1,1,1
0,4502.42,2.38492e+07,0.999619,0.0237625,1.00026,0.999741,262008,0,0.000427246,1.00002,0,0,2.95001e+08,0.999603,0.996843,4.02435,1.04901,1,1,1
0,9208.65,2.82065e+08,0.997299,0.0904149,1.00179,0.998215,959669,0,0.000564575,1.00002,0,0,6.03007e+08,0.997681,0.990194,4.02435,1.04901,1,1,1
0,6276.77,1.24485e+08,0.99855,0.0656234,1.00107,0.998932,1.20766e+06,0,0.000473022,1.00002,0,0,4.1106e+08,0.998322,0.999064,4.02435,1.04901,1,1,1
0,6472.48,1.37164e+08,0.999161,0.0429774,1.0006,0.999405,831868,0,0.000518799,1.00002,0,0,4.24017e+08,0.999161,0.998819,2.15544,1,1,1,1.00092
0,8400.24,2.40165e+08,0.997772,0.136213,1.00177,0.99823,418273,0,0.135452,1.00002,0,0,5.50035e+08,0.998077,0.996977,1.13336,1,1,1.00042,1.00567
0,12421.1,4.22896e+08,0.85611,0.747446,1.08635,0.920517,256708,0,0.85347,1.00002,0,0,6.23671e+08,0.917328,0.999785,1.00125,1.02799,1.01108,1,1.00261
0,4099.98,149460,0.99971,0.0161064,1.00017,0.999832,162985,0,0.986252,1.00002,0,0,2.68651e+08,0.999725,0.999716,1.00125,1.02799,1.01108,1,1.00261
0,64624,5.21982e+07,0.997223,0.0465591,1.0015,0.998505,2.68591e+06,0,0,1.00002,0,0,4.2344e+09,0.998352,0.999383,1.02144,1,1,1.00069,1.0001
0,65484.6,2.94638e+06,0.999634,0.0284404,1.00026,0.999741,1.12553e+06,0,3.05176e-05,1.00002,0,0,4.29153e+09,0.999542,0.999571,1.02144,1,1,1.00069,1.0001
0,65366.9,9.00487e+06,0.999405,0.0312537,1.0004,0.999603,2.07752e+06,0,6.10352e-05,1.00002,0,0,4.28378e+09,0.999451,0.999456,1.02144,1,1,1.00069,1.0001
0,65453.5,4.44295e+06,0.999481,0.0331497,1.00037,0.999634,1.59388e+06,0,3.05176e-05,1.00002,0,0,4.28946e+09,0.999496,0.999417,1.02144,1,1,1.00069,1.0001
0,65514,1.22136e+06,0.999893,0.00956842,1.00006,0.999939,1.0896e+06,0,0,1.00002,0,0,4.29351e+09,0.999878,0.999947,1.02144,1,1,1.00069,1.0001
0,65500.3,2.0252e+06,0.999695,0.024707,1.00021,0.999786,1.07033e+06,0,0,1.00002,0,0,4.29257e+09,0.999725,0.999775,1.02144,1,1,1.00069,1.0001
0,65200.7,1.70688e+07,0.999634,0.0161063,1.0002,0.999802,3.25051e+06,0,4.57764e-05,1.00002,0,0,4.27294e+09,0.999725,0.999536,1.02144,1,1,1.00069,1.0001
0,64345.2,5.92198e+07,0.999359,0.0384781,1.00044,0.999557,3.22893e+06,0,0.000350952,1.00002,0,0,4.2168e+09,0.999222,0.999525,1.02144,1,1,1.00069,1.0001
0,65509.8,1.44299e+06,0.999817,0.0156255,1.00012,0.999878,1.46857e+06,0,0,1.00002,0,0,4.29322e+09,0.999817,0.999749,1.02144,1,1,1.00069,1.0001
0,55074.8,4.12972e+08,0.995056,0.117457,1.00306,0.996948,5.23878e+06,0,0.00062561,1.00002,0,0,3.60846e+09,0.996368,0.997859,1.02144,1,1,1.00069,1.0001
0,58849.5,3.56719e+08,0.994354,0.135678,1.00351,0.996506,6.67331e+06,0,0.000640869,1.00002,0,0,3.8557e+09,0.996078,0.997719,1.02144,1,1,1.00069,1.0001
0,64185.5,7.29894e+07,0.996506,0.134723,1.00243,0.997574,3.35632e+06,0,0.000473022,1.00002,0,0,4.2058e+09,0.997421,0.997383,1.02144,1,1,1.00069,1.0001
0,63107.7,1.28605e+08,0.995544,0.121924,1.00282,0.997192,5.08765e+06,0,0.000549316,1.00002,0,0,4.13492e+09,0.996826,0.998229,1.02144,1,1,1.00069,1.0001
0,64445.8,6.51981e+07,0.987595,0.110236,1.00657,0.993469,1.44003e+06,0,0.000778198,1.00002,0,0,4.22169e+09,0.992935,0.997241,1.02144,1,1,1.00069,1.0001
0,65387.8,7.92389e+06,0.999344,0.0376765,1.00047,0.999527,2.61133e+06,0,7.62939e-05,1.00002,0,0,4.28513e+09,0.999405,0.999457,1.02144,1,1,1.00069,1.0001
0,62297.8,1.84216e+08,0.993591,0.0877789,1.00355,0.99646,6.07225e+06,0,0,1.00002,0,0,4.08159e+09,0.996338,0.997305,1.02144,1,1,1.00069,1.0001
0,65494.3,2.51706e+06,0.999817,0.0156255,1.00012,0.999878,2.75968e+06,0,1.52588e-05,1.00002,0,0,4.2922e+09,0.999817,0.999782,1.02144,1,1,1.00069,1.0001
0,65328.5,1.26103e+07,0.999695,0.0174699,1.00018,0.999817,2.67374e+06,0,6.10352e-05,1.00002,0,0,4.28132e+09,0.999756,0.999896,1.02144,1,1,1.00069,1.0001
0,65469.9,3.87247e+06,0.999496,0.027624,1.00034,0.999664,4.05796e+06,0,0,1.00002,0,0,4.29055e+09,0.999496,0.999671,1.02144,1,1,1.00069,1.0001
0,65439.8,5.58787e+06,0.999557,0.030761,1.00031,0.999695,5.21714e+06,0,1.52588e-05,1.00002,0,0,4.28858e+09,0.999557,0.999221,1.02144,1,1,1.00069,1.0001
0,51373.9,5.94736e+08,0.922846,2.42763,1.05867,0.94458,2146.74,0,0.00864369,1.00003,0,0,1.83353e+09,0.94458,0.967931,1,1,1,1,1
0,51737.6,5.81296e+08,0.976868,0.337416,1.01308,0.987091,6578.94,0,0.00590515,1.00002,0,0,3.38576e+09,0.983551,1,1,1,1,1,1
0,53634,5.26036e+08,0.983932,0.0970794,1.00823,0.991837,11764.4,0,0.00463867,1.00002,0,0,3.51147e+09,0.98912,0.999976,1,1,1,1,1
0,64282.5,6.91543e+07,0.997131,0.0475333,1.00153,0.998474,44093.3,0,3.05176e-05,1.00002,0,0,4.21221e+09,0.998337,0.999377,1,1,1,1,1
0,65225,1.57173e+07,0.999588,0.0270656,1.00027,0.999725,34571.8,0,4.57764e-05,1.00002,0,0,4.2744e+09,0.999268,0.999717,1,1,1,1,1
0,62417.1,1.64251e+08,0.994308,0.0766025,1.00306,0.996948,14008.8,0,0.001297,1.00002,0,0,4.08702e+09,0.996857,0.99877,1,1,1,1,1
0,65477.5,3.19008e+06,0.999451,0.0378779,1.0004,0.999603,15366.6,0,0,1.00002,0,0,4.29103e+09,0.999481,0.999478,1,1,1,1,1
0,64915.5,3.17893e+07,0.999252,0.0503393,1.00055,0.999451,147271,0,4.57764e-05,1.00002,0,0,4.25415e+09,0.999329,0.999346,1,1,1,1,1
0,64627.4,4.78668e+07,0.999023,0.0642056,1.00073,0.999268,200387,0,3.05176e-05,1.00002,0,0,4.23522e+09,0.999191,0.999284,1,1,1,1,1
0,65517.8,869313,1,0,1,1,0,0,0,1.00002,0,0,4.29378e+09,1,0.999993,1,1,1,1,1
0,65419.5,5.75777e+06,0.999512,0.0264958,1.00031,0.999695,53771.2,0,1.52588e-05,1.00002,0,0,4.28725e+09,0.999695,0.999609,1,1,1,1,1
0,64506.8,4.67965e+07,0.998962,0.0453967,1.00066,0.999344,12710.3,0,4.57764e-05,1.00002,0,0,4.22734e+09,0.999252,0.99894,1,1,1,1,1
0,65391,7.99568e+06,0.999542,0.0151288,1.00023,0.999771,185438,0,6.10352e-05,1.00002,0,0,4.28539e+09,0.99971,0.999753,1,1,1,1,1
0,64839.1,3.27974e+07,0.99913,0.0475318,1.00058,0.99942,109643,0,0.000167847,1.00002,0,0,4.24904e+09,0.998993,0.999623,1,1,1,1,1
0,60217.6,2.50824e+08,0.998917,0.038677,1.00064,0.999359,24330.8,0,0.000183105,1.00002,0,0,3.9449e+09,0.998474,0.999616,1,1,1,1,1
0,39799.4,7.30446e+08,0.998001,0.0470505,1.00112,0.998886,76569.4,0,0.000793457,1.00002,0,0,2.60782e+09,0.998734,0.99958,1,1,1,1,1
0,53127.7,5.19968e+08,0.998749,0.049885,1.00078,0.999222,1.00533e+06,0,0.00012207,1.00002,0,0,3.48152e+09,0.998795,0.998832,1,1,1,1,1
0,65003.4,2.60937e+07,0.999527,0.0345032,1.00034,0.999664,942072,0,7.62939e-05,1.00002,0,0,4.25997e+09,0.999588,0.999605,1,1,1,1,1
0,64683.9,4.01099e+07,0.999298,0.0448877,1.00049,0.999512,692040,0,0.000244141,1.00002,0,0,4.23899e+09,0.999268,0.999561,1,1,1,1,1
0,64541.6,5.31272e+07,0.998154,0.0556751,1.00108,0.998917,399285,0,0.000320435,1.00002,0,0,4.22946e+09,0.998627,0.998438,1,1,1,1,1
0,65260,1.2739e+07,0.999573,0.0360182,1.00032,0.99968,440717,0,0.000228882,1.00002,0,0,4.27676e+09,0.999557,0.999605,1,1,1,1,1
0,48453.2,7.02775e+08,0.903748,3.11505,1.06443,0.939468,1.09182e+06,0,0.00523376,1.00002,0,0,3.14064e+09,0.938965,0.995603,1,1,1,1,1
0,41941.9,6.29989e+08,0.999176,0.0901282,1.00073,0.999268,7.89889e+06,0,0.000564575,1.00002,0,0,2.7483e+09,0.998856,0.999014,13.3377,1.07223,2.50784,1.00438,1.00145
0,15171.9,5.34753e+08,0.999481,0.0234391,1.00031,0.999695,6.38834e+06,0,0.00276184,1.00002,0,0,9.9409e+08,0.999542,0.999156,13.3377,1.07223,2.50784,1.00438,1.00145
0,53449.9,4.75636e+08,0.991608,0.115656,1.00457,0.995453,8.42579e+06,0,0.0104828,1.00002,0,0,3.50675e+09,0.990295,0.993165,13.3377,1.07223,2.50784,1.00438,1.00145
0,64674.2,4.90358e+07,0.996704,0.116517,1.00236,0.99765,4.37592e+06,0,0.000762939,1.00002,0,0,4.23784e+09,0.996994,0.996981,1.36712,1.03168,1.00177,1,1
0,64702.9,4.64083e+07,0.997452,0.105549,1.00182,0.998184,2.92085e+06,0,7.62939e-05,1.00002,0,0,4.23988e+09,0.997574,0.997667,1.36712,1.03168,1.00177,1,1
0,63909.9,7.8626e+07,0.996445,0.136804,1.00236,0.99765,1.6129e+06,0,0.000305176,1.00002,0,0,4.18757e+09,0.997482,0.997118,1.36712,1.03168,1.00177,1,1
0,63299.1,1.15835e+08,0.995285,0.137334,1.00292,0.997086,2.44307e+06,0,0.000701904,1.00002,0,0,4.1473e+09,0.996597,0.997242,1.36712,1.03168,1.00177,1,1
0,64898.6,3.50217e+07,0.998032,0.10064,1.00136,0.998642,6.80935e+06,0,0.000137329,1.00002,0,0,4.25261e+09,0.998306,0.9981,1.36712,1.03168,1.00177,1,1
0,64861.6,3.74618e+07,0.997482,0.106336,1.00165,0.998352,6.90832e+06,0,9.15527e-05,1.00002,0,0,4.25017e+09,0.998199,0.997837,1.36712,1.03168,1.00177,1,1
0,14609.9,5.01561e+08,0.999725,0.0243961,1.0002,0.999802,6.43886e+06,0,0.00502014,1.00002,0,0,9.57307e+08,0.999619,0.997153,1.36712,1.03168,1.00177,1,1
0,18025.9,5.84233e+08,0.99968,0.0297517,1.00024,0.999756,4.10951e+06,0,0.00332642,1.00002,0,0,1.18123e+09,0.999664,0.998994,1.36712,1.03168,1.00177,1,1
0,11001.5,3.29645e+08,0.999771,0.0217503,1.00017,0.999832,3.81099e+06,0,0.00376892,1.00002,0,0,7.2095e+08,0.999771,0.999754,1.36712,1.03168,1.00177,1,1
0,7912.85,1.93501e+08,0.999939,0.00552427,1.00003,0.999969,1.19966e+07,0,0,1.00002,0,0,5.18568e+08,0.999908,0.999885,1.36712,1.03168,1.00177,1,1
0,42023.9,6.31992e+08,0.999008,0.0962765,1.00084,0.999161,1.24743e+07,0,0.000579834,1.00002,0,0,2.75379e+09,0.998764,0.998842,1.36712,1.03168,1.00177,1,1
0,4097.62,34813.4,0.999847,0.0123529,1.00009,0.999908,1.05804e+07,0,4.57764e-05,1.00002,0,0,2.68517e+08,0.999802,0.999638,2.86093,1,1,1,1
0,61605.8,2.00075e+08,0.995056,0.0757991,1.00269,0.997314,3.44422e+06,0,0.000961304,1.00002,0,0,4.03642e+09,0.997253,0.991407,1.56087,1.07803,1,1,1
0,64397.4,6.27021e+07,0.996704,0.0734367,1.00188,0.998123,7.19011e+06,0,0.00134277,1.00002,0,0,4.21967e+09,0.998016,0.999634,1.56087,1.07803,1,1,1
0,65520.5,789975,1,0,1,1,7.42931e+06,0,0,1.00002,0,0,4.29395e+09,1,0.999947,1.56087,1.07803,1,1,1
0,65518.6,833764,1,0,1,1,7.17283e+06,0,0,1.00002,0,0,4.29383e+09,1,0.999935,1.56087,1.07803,1,1,1
0,65309.4,1.23998e+07,0.99881,0.074758,1.00086,0.999146,7.39013e+06,0,0,1.00002,0,0,4.27987e+09,0.999054,0.998853,1.56087,1.07803,1,1,1
0,64651.8,3.9146e+07,0.998932,0.0780547,1.00081,0.999191,6.65602e+06,0,0,1.00002,0,0,4.2368e+09,0.999054,0.99867,1.56087,1.07803,1,1,1
0,65433.7,5.97118e+06,0.999084,0.0566215,1.00064,0.999359,4.36779e+06,0,0.00012207,1.00002,0,0,4.28809e+09,0.999268,0.999364,1.56087,1.07803,1,1,1
0,62309.3,1.82152e+08,0.997437,0.0668973,1.00148,0.99852,4.43941e+06,0,0.000167847,1.00002,0,0,4.08179e+09,0.998077,0.998054,1.56087,1.07803,1,1,1
0,4097.56,80125.6,1,0,1,1,8.89258e+06,0,0.0612793,1.00002,0,0,2.68538e+08,0.999939,0.999944,1.56087,1.07803,1,1,1
0,17175.3,6.1419e+08,0.99968,0.0297517,1.00024,0.999756,2.71388e+06,0,0.00799561,1.00002,0,0,1.12553e+09,0.999649,1,1.63727,1,1,1,1
0,11419.8,3.9391e+08,0.998291,0.0745594,1.0011,0.998901,3.2314e+06,0,0.00369263,1.00002,0,0,7.48026e+08,0.997955,0.997962,1.24292,1.00049,1.00216,1,1
0,4110.51,707274,0.999939,0.00552427,1.00003,0.999969,6.46068e+06,0,0.000228882,1.00002,0,0,2.69378e+08,0.999908,0.999787,1.24292,1.00049,1.00216,1,1
0,12085.3,4.26208e+08,0.999435,0.0495737,1.00044,0.999557,1.70238e+06,0,0.0030365,1.00002,0,0,7.91904e+08,0.999359,0.999509,1.24292,1.00049,1.00216,1,1
0,4334.16,1.43001e+07,0.999847,0.0123529,1.00009,0.999908,264207,0,0.000244141,1.00002,0,0,2.84019e+08,0.999725,0.994229,1.24292,1.00049,1.00216,1,1
0,11674.5,3.92563e+08,0.997101,0.0823624,1.00171,0.998291,6.27475e+06,0,0.041214,1.00002,0,0,7.64189e+08,0.995819,0.998303,1.24292,1.00049,1.00216,1,1
0,9609.08,3.00512e+08,0.998993,0.102128,1.00087,0.99913,5.44595e+06,0,0.00360107,1.00002,0,0,6.29503e+08,0.998901,0.999275,1.24292,1.00049,1.00216,1,1
0,4103.14,309285,0.999832,0.0151293,1.00011,0.999893,3.28627e+06,0,0.000747681,1.00002,0,0,2.68875e+08,0.999832,0.999734,1.24292,1.00049,1.00216,1,1
0,61227.4,2.20339e+08,0.995392,0.0566238,1.00242,0.997589,6.26899e+06,0,0.00788879,1.00002,0,0,4.01165e+09,0.997559,0.997978,1.24292,1.00049,1.00216,1,1
0,64395.2,6.30501e+07,0.996826,0.0564943,1.00176,0.998245,6.33469e+06,0,0.00134277,1.00002,0,0,4.21954e+09,0.998077,0.999732,1.24292,1.00049,1.00216,1,1
0,65513.3,1.34113e+06,0.999939,0.00552427,1.00003,0.999969,6.37004e+06,0,0,1.00002,0,0,4.29347e+09,0.999908,0.999833,1.24292,1.00049,1.00216,1,1
0,65522.3,711932,0.999969,0.00390625,1.00002,0.999985,6.37085e+06,0,0,1.00002,0,0,4.29406e+09,0.999924,0.999888,1.24292,1.00049,1.00216,1,1
0,65383.4,8.36448e+06,0.999573,0.0146158,1.00021,0.999786,6.36677e+06,0,0,1.00002,0,0,4.2849e+09,0.999695,0.999717,1.24292,1.00049,1.00216,1,1
0,64680.4,3.76637e+07,0.999329,0.0492658,1.0005,0.999496,6.26888e+06,0,0.000106812,1.00002,0,0,4.23875e+09,0.999344,0.999696,1.24292,1.00049,1.00216,1,1
0,65522.5,810510,0.999908,0.00676582,1.00005,0.999954,6.36956e+06,0,3.05176e-05,1.00002,0,0,4.29407e+09,0.999954,0.999801,1.24292,1.00049,1.00216,1,1
0,47026.2,6.45367e+08,0.999084,0.0708747,1.00072,0.999283,6.00097e+06,0,9.15527e-05,1.00002,0,0,3.08171e+09,0.999176,0.999249,1.24292,1.00049,1.00216,1,1
0,63995.8,8.21019e+07,0.996414,0.129566,1.00229,0.997711,6.02323e+06,0,0.000488281,1.00002,0,0,4.19341e+09,0.997604,0.997739,1.24292,1.00049,1.00216,1,1
0,63682.8,1.01855e+08,0.995773,0.0896643,1.00242,0.997589,4.16497e+06,0,0.000411987,1.00002,0,0,4.1723e+09,0.997406,0.999144,1.24292,1.00049,1.00216,1,1
0,27900.6,8.72119e+08,0.893243,1.62447,1.06796,0.936366,14168.2,0,0.000122231,1.00002,0,0,1.13045e+09,0.936366,0.982222,1,1,1,1,1
0,4187.06,1.9222e+06,0.999756,0.0140845,1.00014,0.999863,115848,0,1.52588e-05,1.00002,0,0,2.74366e+08,0.999756,0.999891,1,1,1,1,1
0,4096.94,6911.12,1,0,1,1,121636,0,6.10352e-05,1.00002,0,0,2.68497e+08,0.999985,0.999538,1,1,1,1,1
0,4300.32,4.93096e+06,0.99852,0.0540022,1.0009,0.9991,129580,0,6.10352e-05,1.00002,0,0,2.81543e+08,0.998825,0.992624,1,1,1,1,1
0,6444.02,1.25103e+08,0.968719,1.2453,1.02326,0.977264,120612,0,0.000595093,1.00002,0,0,4.14959e+08,0.975388,0.996609,1,1,1,1,1
0,4379.57,8.11666e+06,0.998169,0.117784,1.00147,0.998535,121321,0,0.000305176,1.00002,0,0,2.86594e+08,0.998459,0.992966,1,1,1,1,1
0,4096.94,5375.12,1,0,1,1,189513,0,0,1.00002,0,0,2.68497e+08,1,0.999596,1.40631,1.15612,1.01287,1.00096,1.0081
0,5320.34,7.34645e+07,0.999146,0.0592567,1.00064,0.999359,107289,0,0.0526733,1.00002,0,0,3.48468e+08,0.999207,0.840942,1.64098,1.05408,1.02498,1,1
0,5032.97,3.75978e+07,0.758142,0.40938,1.13964,0.877469,2986.96,0,6.53965e-05,1.00002,0,0,1.84692e+08,0.877469,0.870182,1,1,1,1,1
0,5751.48,6.6664e+07,0.44371,1.09291,1.50409,0.664856,41833.1,0,0.751907,1.00002,0,0,2.58862e+08,0.0628052,0.825962,1,1,1,1,1
0,7883.29,2.17739e+08,0.998871,0.0734178,1.00084,0.999161,236423,0,0.00502014,1.00002,0,0,5.16414e+08,0.998978,0.999954,1.65702,1.44145,4.98668,1.0109,1
0,4097.88,115196,1,0,1,1,378352,0,0,1.00002,0,0,2.68558e+08,1,0.99987,1.65702,1.44145,4.98668,1.0109,1
0,4098.11,117644,1,0,1,1,426473,0,0,1.00002,0,0,2.68574e+08,1,0.999946,1.65702,1.44145,4.98668,1.0109,1
0,4099.4,177176,1,0,1,1,454967,0,0,1.00002,0,0,2.68658e+08,1,0.999921,1.65702,1.44145,4.98668,1.0109,1
0,4592.82,2.9779e+07,0.998627,0.0821603,1.00104,0.998962,544389,0,1.52588e-05,1.00002,0,0,3.00712e+08,0.998886,0.999893,1.65702,1.44145,4.98668,1.0109,1
0,4100.36,236341,1,0,1,1,811292,0,0,1.00002,0,0,2.68721e+08,0.999969,0.999688,1.65702,1.44145,4.98668,1.0109,1
0,14580.5,5.3422e+08,0.999939,0.00552427,1.00003,0.999969,721903,0,0,1.00002,0,0,9.55538e+08,0.999908,0.999877,1.65702,1.44145,4.98668,1.0109,1
0,59411.3,3.38636e+08,0.998672,0.0851712,1.00099,0.999008,1.17019e+06,0,1.52588e-05,1.00002,0,0,3.89331e+09,0.99881,0.998618,1.65702,1.44145,4.98668,1.0109,1
0,14092.8,5.09587e+08,0.999161,0.0213957,1.00043,0.999573,966374,0,0.000213623,1.00002,0,0,9.23462e+08,0.999496,0.999487,1.65702,1.44145,4.98668,1.0109,1
0,14439.1,5.28266e+08,0.999771,0.0123528,1.00012,0.999878,435837,0,6.10352e-05,1.00002,0,0,9.46246e+08,0.999817,0.999743,1.65702,1.44145,4.98668,1.0109,1
0,13757.8,5.00037e+08,0.999878,0.0078125,1.00006,0.999939,445579,0,0,1.00002,0,0,9.01616e+08,0.999878,0.999879,1.65702,1.44145,4.98668,1.0109,1
0,4099.12,176118,0.999939,0.00552427,1.00003,0.999969,606549,0,4.57764e-05,1.00002,0,0,2.68632e+08,0.999893,0.999918,1.65702,1.44145,4.98668,1.0109,1
0,4100.2,233778,0.999939,0.00552427,1.00003,0.999969,581932,0,0,1.00002,0,0,2.68702e+08,0.999908,0.999731,1.65702,1.44145,4.98668,1.0109,1
0,7068.58,1.73666e+08,0.99913,0.0644417,1.00067,0.999329,303161,0,0.00382996,1.00002,0,0,4.63066e+08,0.999176,0.999864,1.65702,1.44145,4.98668,1.0109,1
0,4100.01,233012,0.999939,0.00552427,1.00003,0.999969,253967,0,0.00398254,1.00002,0,0,2.6869e+08,0.999908,0.999923,1.65702,1.44145,4.98668,1.0109,1
0,4101.19,293125,0.999939,0.00552427,1.00003,0.999969,260911,0,3.05176e-05,1.00002,0,0,2.68767e+08,0.999908,0.999889,1.65702,1.44145,4.98668,1.0109,1
0,4097.88,115196,1,0,1,1,298548,0,0,1.00002,0,0,2.68558e+08,0.999939,0.99469,1.65702,1.44145,4.98668,1.0109,1
0,4098.1,117600,1,0,1,1,297381,0,0.000473022,1.00002,0,0,2.68573e+08,0.999954,0.999228,1.65702,1.44145,4.98668,1.0109,1
0,3555.56,6.11376e+07,0.0391235,28.5536,10.3467,0.0966492,3233.22,0,0,1.00002,0,0,7.31694e+07,0.0490875,0.0316766,1,1,1,1,1
0,2287.13,2.03928e+07,0.0184937,25.158,14.9115,0.0670624,3095.68,0,0,1.00002,0,0,1.38634e+07,0.0294037,0.0245178,1,1,1,1,1
0,2272.87,2.01608e+07,0.0175934,26.0036,15.3552,0.0651245,2981.84,0,1.52588e-05,1.00002,0,0,1.32598e+07,0.0274658,0.0226785,1,1,1,1,1
0,2314.71,2.14063e+07,0.0244598,24.6287,13.745,0.0727539,3154.3,0,0.000152588,1.00002,0,0,1.77592e+07,0.0344543,0.0256607,1,1,1,1,1
0,2543.09,3.01447e+07,0.0284882,24.2619,13.1361,0.0761261,7456.55,0,0.00584412,1.00002,0,0,3.34858e+07,0.0380859,0.0231051,1,1,1,1,1
0,2759.09,2.51887e+07,0.024826,22.7104,12.1973,0.0819855,16418.7,0,0.0195312,1.00002,0,0,3.36379e+07,0.0439453,0.0233346,1,1,1,1,1
0,2407.82,2.32534e+07,0.0238953,24.7556,13.7363,0.0727997,8879.4,0,0.00733948,1.00002,0,0,2.29366e+07,0.0343781,0.0222069,1,1,1,1,1
0,2490.73,2.50307e+07,0.0261993,23.3992,12.1094,0.0825806,15506.3,0,0.0110168,1.00002,0,0,2.66936e+07,0.0444489,0.0226094,1,1,1,1,1
0,2422.21,2.35733e+07,0.0197449,25.0961,14.3625,0.0696259,10355,0,0.00549316,1.00002,0,0,2.15168e+07,0.0314331,0.0191268,1,1,1,1,1
0,2428.02,2.37942e+07,0.026474,24.0759,13.0836,0.0764313,11619,0,0.00686646,1.00002,0,0,2.51269e+07,0.0386658,0.0208976,1,1,1,1,1
0,2545.41,3.04256e+07,0.026413,24.0462,13.2209,0.0756378,11895.7,0,0.00982666,1.00002,0,0,3.24777e+07,0.0367737,0.0221487,1,1,1,1,1
0,2333.98,2.14225e+07,0.0176697,25.5517,15.0657,0.0663757,10209,0,0.00408936,1.00002,0,0,1.86947e+07,0.0282135,0.0214431,7.35077,11.3427,1,1,1
0,2394.31,2.2347e+07,0.0254974,25.4359,13.6108,0.0734711,14143.5,0,0.00343323,1.00002,0,0,2.21025e+07,0.0345917,0.0211499,8.13689,1.7712,1.43789,1.00519,1
0,2358.62,2.18136e+07,0.0183411,26.1763,14.9762,0.0667725,11303.5,0,0.00323486,1.00002,0,0,1.87955e+07,0.0288391,0.0219761,5.81798,1.0482,1.02737,1.00032,1
0,2345.5,2.20038e+07,0.017746,25.2161,15.097,0.0662384,13617.1,0,0.00462341,1.00002,0,0,1.86061e+07,0.0280457,0.0219853,4.55989,6.82245,1.73646,1,1
0,2689.46,3.16508e+07,0.0659485,19.7252,8.47594,0.117981,22013.9,0,0.00663757,1.00002,0,0,4.65864e+07,0.080658,0.0225899,10.5741,3.91122,1.36823,1,1
0,2349.22,2.18386e+07,0.0180969,25.7387,15.0866,0.0662842,13424.2,0,0.00424194,1.00002,0,0,1.86194e+07,0.0284576,0.0223934,17.2991,2.45561,1.18411,1,1
0,3513.64,7.54283e+07,0.0559387,19.8103,8.64933,0.115616,30602.4,0,0.020813,1.00002,0,0,8.57999e+07,0.077179,0.0235446,1.38065,1.27792,1.00061,1.00041,1
0,2256.95,1.91613e+07,0.0178986,25.6942,15.09,0.0662689,12667.6,0,0.00595093,1.00002,0,0,1.23561e+07,0.0284882,0.0242029,1.52625,1.48037,1.00015,1.0001,1
0,2252.17,1.93217e+07,0.0175781,25.4887,15.1634,0.0659485,14208.8,0,0.0052948,1.00002,0,0,1.21687e+07,0.0275269,0.0231215,1.52625,1.48037,1.00015,1.0001,1
0,2394.61,2.18425e+07,0.0307312,23.6497,12.22,0.0818329,26670.9,0,0.00791931,1.00002,0,0,2.23365e+07,0.0431213,0.0239463,1.62297,1.74978,1.00981,1.0001,1
0,5140.01,1.67622e+08,0.0717773,17.1567,7.44643,0.134293,37085.7,0,0.0351257,1.00002,0,0,1.80128e+08,0.0949249,0.0415827,1.22123,1.37185,1.05792,1.01102,1.00024
0,2465.64,2.71723e+07,0.0261841,24.2916,13.1256,0.0761871,17263.6,0,0.00738525,1.00002,0,0,2.63562e+07,0.0377808,0.0275437,1.83702,1.8148,1.00351,1.00034,1.00001
0,2329.35,2.01295e+07,0.023819,24.3854,13.6363,0.0733337,13511.6,0,0.0108337,1.00002,0,0,1.71438e+07,0.0345001,0.0317792,1.75126,1.55225,1.00846,1.00017,1
0,2312.51,2.00375e+07,0.0219421,24.862,14.0817,0.0710144,14460,0,0.00834656,1.00002,0,0,1.6126e+07,0.0322113,0.0227787,1.89936,1.68981,1.00846,1.00017,1
0,2275.57,1.94998e+07,0.0188751,26.0614,14.9285,0.0669861,20126.7,0,0.00526428,1.00002,0,0,1.32659e+07,0.0283966,0.026257,1.72804,1.45862,1.09688,1.00037,1.00011
0,2334.81,2.03041e+07,0.0241241,24.6632,13.5349,0.0738831,22616.6,0,0.00965881,1.00002,0,0,1.72841e+07,0.035614,0.0220193,2.28432,1.83691,1.04844,1.00019,1.00006
0,10981.4,4.69488e+08,0.119781,13.392,5.25423,0.190323,75513.6,0,0.0584564,1.00002,0,0,4.7364e+08,0.142181,0.0388227,1.60693,1.2905,1.07193,1.01492,1.00319
0,2256.38,1.96054e+07,0.0194702,25.2062,14.658,0.068222,18252.7,0,0.00973511,1.00002,0,0,1.26126e+07,0.0295715,0.0274715,1.73975,1.43761,1.04661,1.01216,1.0004
0,2275.66,2.01257e+07,0.020401,25.3355,14.6123,0.0684357,18938.8,0,0.00752258,1.00002,0,0,1.32582e+07,0.0301819,0.0254288,2.43158,1.88659,1.07942,1.01216,1.0004
0,2311.57,2.04363e+07,0.0236359,24.964,13.9142,0.0718689,19186.8,0,0.00782776,1.00002,0,0,1.56611e+07,0.033905,0.0233355,3.01251,1.93737,1.05252,1.00608,1.0002
0,2261.65,1.95909e+07,0.0189209,25.581,14.9899,0.0667114,19986.6,0,0.00610352,1.00002,0,0,1.25143e+07,0.0284424,0.02409,4.32397,1.38889,1.04491,1.0118,1
0,2332.22,2.061e+07,0.0227051,24.5891,13.8145,0.0723877,26153.6,0,0.00811768,1.00002,0,0,1.66456e+07,0.0339661,0.0261623,8.86854,1.40143,1.12936,1.0059,1
0,2768.59,4.27284e+07,0.0634155,19.7665,8.93104,0.111969,48921.3,0,0.0101013,1.00002,0,0,5.21303e+07,0.0733032,0.0214038,1.00133,5.40743,1.05408,1.00002,1
0,2260.06,1.93548e+07,0.0183563,25.7504,14.9968,0.0666809,17652.3,0,0.00953674,1.00002,0,0,1.22691e+07,0.0285034,0.0224585,1.00133,5.40743,1.05408,1.00002,1
0,2362.69,2.00801e+07,0.0253143,24.2447,12.5476,0.0796967,39656.6,0,0.015686,1.00002,0,0,1.75012e+07,0.0410614,0.023513,7.12683,4.65669,1.00676,1,1
0,3204.7,5.42644e+07,0.0506439,21.4896,9.91617,0.100845,56124.4,0,0.00518799,1.00002,0,0,7.55753e+07,0.0618286,0.0274409,7.62951,4.86537,1.01094,1,1
0,2398.65,2.24131e+07,0.0289001,23.6866,12.4098,0.0805817,45021.5,0,0.00491333,1.00002,0,0,2.14513e+07,0.0418701,0.0237673,1.76446,1.25213,1.00118,1.00047,1
0,2283.82,1.97535e+07,0.0187531,25.6797,14.8912,0.0671539,25780.9,0,0.00819397,1.00002,0,0,1.32603e+07,0.0287323,0.0236186,2.28048,1.34735,1.00029,1.00012,1
0,2322.62,2.01872e+07,0.0239563,24.6106,13.5685,0.0737,30805.9,0,0.0150909,1.00002,0,0,1.6491e+07,0.0346069,0.0222284,2.99432,1.45168,1.00007,1.00003,1
0,6091.4,2.07261e+08,0.0899506,14.9037,6.34056,0.157715,83866.3,0,0.0464783,1.00002,0,0,2.21427e+08,0.109039,0.0291107,1.16008,1.21536,1.03135,1,1
0,2352.7,2.08291e+07,0.0253143,23.9969,13.2825,0.0752869,28273.4,0,0.00999451,1.00002,0,0,1.99122e+07,0.0365753,0.0298826,1.16008,1.21536,1.03135,1,1
0,2311.98,2.171e+07,0.0199738,25.6284,14.5668,0.0686493,21946.4,0,0.00779724,1.00002,0,0,1.4081e+07,0.0301819,0.0232551,1.57601,1.23277,1.0261,1,1
0,2401.3,2.29773e+07,0.0218658,24.8893,14.2222,0.0703125,20628.8,0,0.00404358,1.00002,0,0,2.17405e+07,0.0317383,0.0261997,1.7293,1.60717,1.00004,1.00001,1
0,2484.88,2.27096e+07,0.0270844,23.5862,12.143,0.0823517,30294.3,0,0.00791931,1.00002,0,0,2.58862e+07,0.0437164,0.0249472,2.01417,1.43002,1.00738,1.0001,1
0,2605.54,3.10953e+07,0.0255127,25.1155,13.261,0.0754089,37240.3,0,0.00473022,1.00002,0,0,3.39159e+07,0.0361481,0.0259031,1.25655,1.76933,1.02274,1.00433,1.01292
0,2498.01,2.45901e+07,0.0296021,23.783,12.4926,0.0800476,41563,0,0.00717163,1.00002,0,0,2.78676e+07,0.0412445,0.0271499,1.86502,1.77421,1,1,1
0,2365.05,2.18334e+07,0.0181122,25.7544,15.0243,0.0665588,29459.7,0,0.00376892,1.00002,0,0,1.8816e+07,0.02742,0.0219903,1.78235,1.4274,1,1,1
0,2456.21,2.34999e+07,0.021698,25.186,13.8642,0.0721283,41641.2,0,0.00421143,1.00002,0,0,2.26632e+07,0.0328827,0.0328613,1.48141,1.32523,1.01724,1,1
0,2391.8,2.21254e+07,0.0190582,25.9541,14.7803,0.0676575,34547,0,0.00546265,1.00002,0,0,1.9499e+07,0.0289154,0.0233068,1.26249,1.13691,1.01409,1,1
0,4141.67,8.18337e+07,0.093399,18.6616,6.41943,0.155777,324309,0,0.0230103,1.00002,0,0,1.15509e+08,0.115891,0.0287937,1.11158,1.14657,1.01153,1.00064,1.00054
0,2552.8,2.93381e+07,0.0256042,24.4448,13.4268,0.0744781,31758.4,0,0.00166321,1.00002,0,0,3.18915e+07,0.0354919,0.0344067,1.11158,1.14657,1.01153,1.00064,1.00054
0,2532.72,2.91665e+07,0.0240631,24.6463,13.6165,0.0734406,34528.9,0,0.0025177,1.00002,0,0,3.13257e+07,0.0346222,0.0237269,1.26792,1.23513,1.00868,1.00032,1.00027
0,2375.09,2.17593e+07,0.0188293,25.4001,14.767,0.0677185,30909.2,0,0.00331116,1.00002,0,0,1.93879e+07,0.0289154,0.0241902,1.45855,1.28553,1.0147,1.00008,1.00007
0,2418.69,2.37512e+07,0.0247955,25.0498,13.7334,0.0728149,29917.5,0,0.00675964,1.00002,0,0,2.27528e+07,0.0332489,0.0235362,1.45855,1.28553,1.0147,1.00008,1.00007
0,2369.19,2.17936e+07,0.018158,26.6246,15.2232,0.0656891,26163.6,0,0.00320435,1.00002,0,0,1.8923e+07,0.0272369,0.0225004,1.8408,1.27795,1.00021,1,1
0,3188.72,4.73743e+07,0.0354614,21.6756,10.8432,0.0922241,39452.7,0,0.010498,1.00002,0,0,6.17149e+07,0.0490417,0.0252997,1.5283,1.30069,1.02221,1,1
0,2356.75,2.17211e+07,0.0176544,26.0003,15.2907,0.0653992,26794.2,0,0.00331116,1.00002,0,0,1.84996e+07,0.0264587,0.0214091,1.37642,1.2972,1.01043,1,1
0,2363.7,2.20188e+07,0.0176544,25.8625,15.1704,0.065918,25753,0,0.00314331,1.00002,0,0,1.87996e+07,0.0258179,0.0214806,1.84234,1.42962,1.00976,1,1
0,2604.23,3.04894e+07,0.0318756,23.9405,12.3142,0.0812073,37015.8,0,0.0155487,1.00002,0,0,3.53889e+07,0.041748,0.0327559,1.14925,1.57293,1.23331,1.02816,1
0,2455.37,2.22726e+07,0.0248718,24.5064,12.642,0.0791016,32957.3,0,0.0090332,1.00002,0,0,2.41116e+07,0.0398102,0.0230876,1.59438,1.32418,1.04957,1.00141,1
0,2352.79,2.17596e+07,0.0169373,26.5228,15.4603,0.064682,28699.9,0,0.00382996,1.00002,0,0,1.86711e+07,0.0251923,0.0225954,2.04575,1.43938,1.01504,1.00009,1
0,4086.14,9.65275e+07,0.0801697,18.5589,7.21603,0.13858,95129.2,0,0.0184784,1.00002,0,0,1.34898e+08,0.0981598,0.023751,1.64793,1.50002,1.0003,1,1
0,2373.82,2.20788e+07,0.0180054,26.5121,15.1353,0.0660706,38676.3,0,0.00421143,1.00002,0,0,1.92922e+07,0.0261841,0.0239069,1.87336,1.47767,1.00004,1,1
0,2386.02,2.19866e+07,0.0202789,25.3329,14.5636,0.0686646,34003.8,0,0.00367737,1.00002,0,0,1.99404e+07,0.0288696,0.0229165,3.12808,1.11259,1,1,1
0,3019.3,4.54572e+07,0.0247498,23.7308,12.1004,0.0826416,36745.1,0,0.00538635,1.00002,0,0,5.037e+07,0.0445251,0.022249,1.58579,1.24356,1.02642,1,1
0,2283.6,2.10329e+07,0.0175323,24.4696,15.3516,0.0651398,30775.2,0,0.00282288,1.00002,0,0,1.77777e+07,0.027359,0.0211026,2.04596,1.33291,1.00104,1,1
0,2755.13,2.34182e+07,0.02388,27.0588,12.5692,0.0795593,39358.1,0,0.00402832,1.00002,0,0,3.14424e+07,0.0427856,0.0212937,1.30658,1.15605,1.00662,1,1
0,2303.12,2.10569e+07,0.0192108,24.9106,14.8171,0.0674896,32724.4,0,0.00402832,1.00002,0,0,1.96393e+07,0.029892,0.0229701,1.2721,1.19606,1.03214,1.00006,1.0034
0,2279.31,1.79238e+07,0.0179291,24.9696,15.195,0.0658112,29951.7,0,0.00386047,1.00002,0,0,1.83122e+07,0.0278778,0.0217101,1.28377,1.21876,1.02447,1,1
0,2254.54,1.76414e+07,0.0161133,25.7241,15.7085,0.0636597,27860.4,0,0.0038147,1.00002,0,0,1.75263e+07,0.025238,0.0217744,1.48036,1.36716,1.12146,1,1.00003
0,2260.05,1.74611e+07,0.0172882,24.972,15.4057,0.0649109,28144.7,0,0.00346375,1.00002,0,0,1.78662e+07,0.0265656,0.0216439,1.83339,1.62212,1.06596,1,1
0,2814.27,4.06821e+07,0.036087,22.4993,11.6716,0.0856781,70706,0,0.00930786,1.00002,0,0,5.20622e+07,0.0464935,0.0255927,1.50362,1.30269,1.16018,1,1
0,2314.84,1.85307e+07,0.0216064,24.927,14.306,0.0699005,34014.6,0,0.00553894,1.00002,0,0,2.12024e+07,0.0314026,0.0237435,1.55833,1.36634,1.08581,1,1
0,2264.18,1.78358e+07,0.019455,24.8615,15.0174,0.0665894,30860.4,0,0.0055542,1.00002,0,0,1.93039e+07,0.029007,0.0228147,1.63613,1.399,1.06584,1,1
0,2378.89,1.88529e+07,0.0263214,23.9697,12.6469,0.079071,40808.9,0,0.00523376,1.00002,0,0,2.36733e+07,0.0405884,0.0213611,2.13915,1.48439,1.04237,1,1
0,2270.95,1.78764e+07,0.0162201,25.6411,15.6897,0.063736,30599.6,0,0.00479126,1.00002,0,0,1.73829e+07,0.0255432,0.0220623,1.38829,1.26194,1.01369,1,1.00478
0,2404.81,2.02808e+07,0.0346222,22.5363,11.8062,0.0847015,50893.3,0,0.00776672,1.00002,0,0,2.86275e+07,0.045517,0.0231184,1.54062,1.32382,1.03132,1,1
0,2260.82,1.75466e+07,0.0164337,24.8791,15.4749,0.064621,29225.8,0,0.00515747,1.00002,0,0,1.7558e+07,0.0266266,0.0216203,1.66355,1.35927,1.02911,1.00009,1
0,2732.66,2.25364e+07,0.0282898,20.6046,11.7217,0.0853119,59251.9,0,0.00440979,1.00002,0,0,3.49865e+07,0.047226,0.021874,1.91325,1.45106,1.02941,1,1
0,2327.22,1.7701e+07,0.0328827,22.8642,11.8854,0.084137,34656.9,0,0.00579834,1.00002,0,0,2.36206e+07,0.0450897,0.036822,1.57707,1.19468,1.14311,1,1
0,3501.94,5.58954e+07,0.040802,28.4916,10.1136,0.098877,57903.4,0,0.00744629,1.00002,0,0,6.6007e+07,0.060791,0.0231624,1.62832,1.19468,1.14311,1,1.01065
0,2192.29,1.52967e+07,0.0174561,25.4151,15.1704,0.065918,25523.9,0,0.00474548,1.00002,0,0,1.22173e+07,0.0277557,0.0224318,1.62832,1.19468,1.14311,1,1.01065
0,3532.28,5.76936e+07,0.041153,24.4052,9.8803,0.101212,42489.4,0,0.0180054,1.00002,0,0,6.84739e+07,0.0626678,0.0239461,1.36636,1.29682,1.01023,1.00063,1.00067
0,2318.51,1.91724e+07,0.0211182,25.802,14.8608,0.0672913,19745.7,0,0.00357056,1.00002,0,0,2.05932e+07,0.0303345,0.0218603,1.91064,1.27775,1.06647,1.00092,1.00724
0,2431.81,1.98447e+07,0.0279541,24.0805,12.391,0.0807037,30190.9,0,0.00914001,1.00002,0,0,2.53583e+07,0.0424652,0.0243967,2.14952,1.76379,1.03324,1.00046,1.00362
0,2445.7,2.1329e+07,0.0261993,23.738,12.998,0.0769348,31785.9,0,0.00776672,1.00002,0,0,2.81999e+07,0.0381317,0.0234742,2.14952,1.76379,1.03324,1.00046,1.00362
0,2286.25,1.80896e+07,0.0183868,25.2039,15.1039,0.0662079,37606.8,0,0.00340271,1.00002,0,0,1.84643e+07,0.027771,0.024964,2.14952,1.76379,1.03324,1.00046,1.00362
0,2373.43,5.3853e+07,0.0194244,24.9228,14.6286,0.0683594,41121.5,0,0.00448608,1.00002,0,0,2.257e+07,0.0299225,0.0234687,2.14952,1.76379,1.03324,1.00046,1.00362
0,2291.66,1.79302e+07,0.0183411,25.032,15.1318,0.0660858,31849.5,0,0.00520325,1.00002,0,0,1.84632e+07,0.0280609,0.0217756,2.14952,1.76379,1.03324,1.00046,1.00362
0,2520.33,2.63669e+07,0.0276337,24.1147,13.1072,0.0762939,42620.2,0,0.0125732,1.00002,0,0,3.36609e+07,0.0381927,0.0259657,1.92039,3.2399,1.01662,1.00023,1.00181
